377
1057
1083
1077
1076
32
1090
1077
1078
1082
1072
32
1072
1074
1072
1088
1080
1103
32
1074
32
1082
1086
1089
1084
1080
1095
1077
1089
1082
1072
32
1080
1079
1089
1083
1077
1076
1086
1074
1072
1090
1077
1083
1089
1082
1072
13
10
1073
1072
1079
1072
44
32
1089
1080
32
1080
1079
1087
1088
1072
1090
1077
1085
32
1076
1072
32
1089
1087
1072
1089
1080
1096
32
1091
1095
1077
1085
1080
1090
1077
32
1086
1090
32
1073
1072
1079
1072
1090
1072
46
13
10
1058
1077
32
1089
1072
32
1088
1072
1073
1086
1090
1080
1083
1080
32
1085
1072
1076
32
1090
1072
1077
1085
32
1077
1082
1089
1087
1077
1088
1080
1084
1077
1085
1090
32
1080
32
1090
1077
1088
1086
1088
1080
1089
1090
1080
13
10
1080
1089
1082
1072
1090
32
1076
1072
32
1075
1080
32
1086
1090
1074
1083
1077
1082
1072
1090
46
32
1058
1077
1088
1086
1088
1080
1089
1090
1080
1090
1077
32
1074
1077
1095
1077
32
1080
1084
1072
1090
32
1080
32
1086
1088
1098
1076
1080
1103
46
32
13
10
1059
1087
1088
1072
1074
1083
1103
1074
1072
1096
32
1089
1098
1089
32
1089
1090
1088
1077
1083
1082
1080
1090
1077
44
32
1087
1091
1089
1082
1072
1096
32
1073
1086
1084
1073
1080
32
67
84
82
76
13
10
1080
32
1089
1090
1088
1077
1083
1103
1096
32
1089
32
83
72
73
70
84
46
32
1052
1080
1085
1072
1072
1096
32
1085
1072
32
1089
1083
1077
1076
1074
1072
1097
1086
32
1085
1080
1074
1086
32
1082
1072
1090
1086
13
10
1089
1087
1072
1089
1080
1096
32
1076
1086
1089
1090
1072
1090
1098
1095
1085
1086
32
1091
1095
1077
1085
1080
32
1080
32
1080
1079
1084
1080
1085
1077
1096
32
1088
1072
1079
1089
1090
1086
1103
1085
1080
1077
1090
1086
32
13
10
1076
1086
32
1073
1072
1079
1072
1090
1072
46
32
1055
1072
1079
1080
32
1089
1077
32
1086
1090
32
1084
1077
1090
1077
1086
1088
1080
1090
1077
32
33
0
